	ALL     	Abgr-t  	Acar    	Acma-t  	Acma-s  	Acmi    	Adbi    	Agha    	Agse  	Agte  	Aica  	Amal-s  	Apan    	Aqfo    	Arel    	Arme-s  	Beaq    	Brla    	Brpu    	Brri  	CAR   	Cato    	Cipa    	Coco-s  	Conu    	Crdo-s  	Crox    	Cyec    	Daca    	Dacar   	Dagl    	Drar    	Elgl    	Erla    	Erog    	Feca    	Feoc  	Feru    	Frbr    	Frla    	Frla-s  	Frvi    	GAL     	Geog    	Gepu    	Hodi    	Hola    	Hype    	Irte    	Kocr  	Lapo    	Lasa    	Liap    	Loci    	Lope  	MAL-s   	Mebu  	Mope    	Mosi    	Nepa    	Osce-s  	Osnu    	Phle    	Phpr  	Plla    	Poco  	Pogl    	Pogr    	Pomu    	Popr    	Povu    	Prav-t  	Prav-s  	Psme-t  	Psme-s  	Ptaq    	Pyco-t  	Pyfu-s  	Quga-t  	Quga-s  	Rhdi    	Rhpu-t  	Rhpu-s  	Rodu    	Roeg    	Rogy    	Ronu    	Ropi    	Rula    	Rupa    	Rupr    	Ruur    	Sacr    	Sado    	Syal    	Taof    	Tegr    	Thoc    	Toar    	Trla    	Trov    	Viam    	Vinu    
Stand01 	0	0	0	0	0	1	0	0	0	0.125	0	0.044776119	0	0	0	0	0	0.25	1	0	0	0	0	0.006944444	0	0.125	0	0	0	0	0.023809524	0	0.100000001	0	0	0.5	0	0	0	0	0.100000001	1	0.071428575	0	0	0	0.100000001	0	0	0	0	0	0	0	1	0	0	0	0	0	0	0.25	0	0	0	0	0	0	0	0.022727273	0.400000006	0	0	0	0	0	0	0.125	0.686792433	0.052631579	0.616279066	0	0.045454547	0.25	0.130434781	0.125	0	0	0	0	0	0	0	0.25	0.013888889	0	0	0.5	0.055555556	1	0	0.083333336	0
Stand02 	0	0	0	0.018518519	0.033333335	1	0.166666672	0	0	0.0625	1	0.029850746	0	1	0	0	0	0.25	0	0	0	0	0	0	0	0.125	0	0.083333336	0	0	0.023809524	0	0.100000001	0	0	0.5	0	0.041666668	0	0	0.100000001	1	0.071428575	0	0	0	0.050000001	0.25	0	0	0	0	0	0.166666672	0	0	0	0	0	0	0	0.25	0	0	0	0	0	0	0.00617284	0.022727273	0.400000006	0	0	0.769230783	0.200000003	0	0	0	0.532075465	0.052631579	0.5	0	0	0.25	0.086956523	0.125	0	0	0	0	0	0.01754386	0	0.5	0.166666672	0	0	0.5	0.055555556	1	0	0.083333336	0
Stand03 	0	0	0	0	0.013333334	0	0.166666672	0	0	0.125	0	0.044776119	0	0	1	0	0	0.25	1	0	0.5	0	0	0.208333328	0	0.050000001	0	0	0	0	0.095238097	0	0.100000001	0	0	0	0	0	0	0	0	1	0.285714298	0	0	0.027027028	0.200000003	0.25	0	0	0	0	0	0	0	0	1	0	0	0	0	0.25	0	0	0	0	0	0	0.00617284	0.022727273	0.400000006	0	0	0	0	0.666666687	0	0	1	0.02631579	0.360465109	0	0.045454547	0	0.086956523	0	0.0625	0	0	0	0	0.859649122	0	0.25	0.055555556	0	0	0	0.055555556	1	0	0.083333336	0
Stand04 	0	0	0	0	0	0	0	0	0	0.0625	0	0.343283594	0	0	0	0	0	0.25	0	0	0.5	0.400000006	0	0.006944444	0	0	0	0	0	0	0.095238097	0	0.100000001	0	0	0	0	0.041666668	0	0	0	1	0.071428575	0	0	0	0.050000001	0.5	0.25	0	0	0	0.017857144	0	0	0	0	0	0	0	0.047619049	0.25	0	0	0	0	0	0	0.00617284	0.022727273	0.400000006	0.155555561	0.226666674	0	0.02	0.111111112	0	0	0.532075465	0.210526317	0.290697664	0	0	0	0.347826093	0	0.25	0	0	0	0	0	0	0	0.402777791	0	0	0	0.055555556	0	0	0.083333336	0
Stand05 	0	1	1	1	0.033333335	0	0	0	0	0	0	0.044776119	0	0	0	0	0.5	0	0	0	0	0	0	0.305555552	0	0.125	0	0	0	0	0	0	0	0	0	0	0	0	0	0	0	0	0	0	0	0.189189196	0	0	0	0	0	0	0	0	0	0	0	0	0	0	0.190476194	0.25	0.285714298	0	0	0	0	0	0.061728396	0	0.400000006	0	0.013333334	0.384615391	0.699999988	0.055555556	0	0	0.407547176	0.02631579	0.005813953	0.333333343	0.272727281	0	0.130434781	0	0.0625	0	0	1	0	0.00877193	0	0	0.291666657	0	0.125	0	0.055555556	0	0	0.083333336	0
Stand06 	0	0	0	0.074074075	0.333333343	1	1	0	0	0.0625	0	0.179104477	0	0	0	0	0	0.25	0	0	0.5	0.400000006	0	0	0.5	0.25	0	0.083333336	0	0	0.047619049	0	0	0	0	0	0	0.041666668	0	1	0	1	0.071428575	1	0	0	0.100000001	0.25	0.25	0	0	0	0	0.166666672	1	0.666666687	0	0	0	0	0.047619049	0.25	0	0	0	0	0	1	0.135802463	0.022727273	0.400000006	0.044444446	0.006666667	0	0	0.666666687	0	0.050000001	0.505660355	0.421052635	0.151162788	0	0	0	0.304347813	0.125	0.125	0	0	0	0	0.052631579	0	0.25	0.25	1	0.125	0	0.055555556	0	0	0.083333336	0
Stand07 	0	0	0	0.018518519	0.06666667	0	0.166666672	0	0	0.0625	0	0.007462686	1	0	0	1	0	0.25	0	0	0	0	0	0.027777778	0	0.050000001	0	0	0	0	0	0	0.100000001	0	0	0	0	0	0	0	0	1	0.071428575	0	0	0	0.050000001	0	0	0	0	0	0	0	0	0	0	0	0	0	0	0.25	0	0	0	0	0	0	0.00617284	0.022727273	0.400000006	0	0.006666667	0.03846154	0.050000001	0.055555556	0	0.125	0.490566045	0.157894731	0.279069781	0	0.045454547	0	0.008695653	0	0	0	0	0	0	0.03508772	0	0.25	0.002777778	0	0	0	0.055555556	1	0	0.083333336	0
Stand08 	0	0	0	0	0	0	0.166666672	0	0	0.0625	0	0.044776119	0	1	0	0	0	0.25	1	0	0	0	0	0.002777778	0	0	0	0	0	0	0.00952381	0	0.100000001	0	0	0	0	0	0	0	0	0	1	0.400000006	0	0	0	0.25	0	0	0	0.5	0.017857144	0	0	0	0	1	0	0	0.00952381	0.25	0	0	0	0	0	0	0.002469136	0.022727273	0	0	0.013333334	0	0	0	0	0	0.958490551	0.02631579	0.255813956	0	0	0	0	0.5	0	0	0	0	0.018181818	0	1	0	0.694444418	0	0	0	0.777777791	0	0	0.166666672	0
Stand09 	0	0	0	0	0	0	0	0	0	0	0	0.149253726	0	0	0	0	0	0.25	0	0	0	0	0	0	0	0	0	0	0.25	0	0	0	0	0	0	0	0	0	0	0	0	1	0.071428575	0	0	0	0	0.25	0	0	0	0	0.214285716	0	0	0	0	0.25	0	0	0.023809524	0.25	0	0	0	0	0	0	0.074074075	0.022727273	0.400000006	0	0	0.230769232	0.300000012	0	0	0	0.588679254	0	0.383720934	0	0.045454547	0	0.086956523	0	0.5	0	0	0	0.018181818	0.070175439	0.5	0.25	0.888888896	0	0	0.5	0.055555556	0	0	0	0
Stand10 	0	0	0	0	0.013333334	0	0	0	0	0	0	0.044776119	0	0	0	0	0	0.25	0	0	0.5	1	0	0.138888896	0	1	0	0	0	0	0	0	0.100000001	0	0	0	0	0	1	0	0	0	0.071428575	1	1	0	0.050000001	0.25	0.25	0	0	0.5	0	0	0	0	1	0	0	0	0.00952381	0.25	0	0	0	0	0	0	0	0	0.400000006	0	0.053333335	0	0.02	0	0.666666687	0	0.671698093	0	0.313953489	0	0.045454547	0	0.478260875	0.75	0	0	0.125	0	0	0.122807018	0.5	0	0.777777791	0	0.125	0	0.222222224	0	0	0.083333336	1
Stand11 	0	0	0	0	0.333333343	0	0	0	0	0	0	0.007462686	0	0	0	0	0	0.25	0	0	0	0	0.100000001	1	0	0	0	0	0	0	0	0	0.100000001	0	0	0	0	0	0	0	0	1	0.428571433	0	0	0	0	0.100000001	0	0	0	0.5	1	0	0	0	1	0.25	0	0	0.00952381	0	0	0	0	0	1	0	0.209876537	0	0.400000006	0	0	0	0	0.055555556	0	0	0.607547164	0.02631579	0.313953489	0	0.045454547	0	0.130434781	0.125	0	0	0	0.00625	0	0.070175439	1	0.25	0.402777791	0.400000006	0.125	1	0.055555556	1	1	0	0
Stand12 	0	0	0	0.018518519	0	0	0	0	0	0.0625	0	0.029850746	0	0	0	0	0	0	0	0.5	0	0	0	0.027777778	0	0.125	0	0	0	0	0	0	0.100000001	0	0	0	0.400000006	0.041666668	0	0	0	1	0.071428575	0	0	0	0	0.25	0	0	1	0	0.017857144	0	0	0	0	0	1	1	0	0.25	0	0	0	0.400000006	0	0	0	0.022727273	0.400000006	0	0	0	0	0	0	0	0.407547176	0.02631579	0.906976759	0	0	0	0.739130437	0	0	0	0.125	0	0	0	0.5	0.25	0	0	0	0.5	0.111111112	1	0	0	0
Stand13 	0	0	0	0	0.033333335	0	0.06666667	0	0	0.0625	0	0	0	0	0	0	0.5	0.25	0.400000006	0	0	0	1	0.166666672	0	0	0	0	0	0	0	1	0.100000001	0	0	0	1	0.041666668	0	0	0	0	0.428571433	0	0	0.189189196	0	0	0	0	0	0	0.178571433	0	0	0	0.400000006	0.5	0	1	0	0.25	0.285714298	0	0	0	0	0	0.197530866	0	0.400000006	0	0	0	0	0	0	0	0.641509414	0.02631579	0.558139563	0	0	0	0.130434781	0.5	0	0	0	0	0	0.122807018	0.5	0.25	0.166666672	0	1	0	0.111111112	1	0	0	0
Stand14 	0	0	0	0.111111112	0.06666667	0	0.06666667	0	0	0	0	0.007462686	0	0	0	0.166666672	1	0.25	0	0	0	0	0.200000003	0.027777778	0	0	0	0	0	0	0	0.699999988	0.100000001	0	0	0	0	0	0	0	0	1	0.285714298	0	0	0.351351351	0	0.100000001	0	0	0	0	0.035714287	0	0	0	1	0	0.400000006	1	0.023809524	0.25	0.071428575	0	0	0	1	0	0.098765433	0	0	0	0	0.03846154	0.050000001	0	0	0	0.686792433	0	0.45348838	0	0.045454547	0	1	1	0	0	0.125	0	0	0.403508782	0.5	0.25	0.527777791	0	1	0	0.055555556	1	0	0	0
Stand15 	0	0	0	0.148148149	0.466666669	0	0	0	0	0	0	0.567164183	1	0	0	0	0	0.25	0	0	0	0.400000006	0	0.027777778	0	0.5	0	0	0	0	0.023809524	0	0.100000001	0	0	0	0	0.041666668	0	0	0	0	0.071428575	0	0	0	0	0.25	0.25	0	0	0	0.017857144	1	0	0	1	0	0	1	0.095238097	0.25	0	0	0	0	0	0	0.123456791	0.022727273	0.400000006	0	0.079999998	0	0	0	0	1	0.532075465	0.052631579	0.511627913	1	0.045454547	0	0.173913047	0.5	0.0625	0.400000006	0	0	0	0	0	0.5	0.291666657	0	0.125	0	0.055555556	0	0	0.033333335	0
Stand16 	0	0	0	0	0.266666681	0	0	0	0	0	0	0.373134315	0	1	0	0	0	0.25	0	0	0	0	0.400000006	0.194444448	0	0	0	0	0	0	0	0	0.039999999	0	0	0	1	0	1	1	0	0	0.142857149	0	0	0	0.02	0.25	0	0	0	0	0.017857144	0	0	0	0	0	1	0	0	0.25	0	0	0	0	0	0	0.00617284	0	1	0	0.002666667	0	0	0.333333343	0	0	0.558490574	0.02631579	0.790697694	0	0	0	0.086956523	0.75	0	0	0	0.00625	0	0.543859661	0	0.25	0.006944444	0	0.75	0	0.055555556	0	0	0.083333336	1
Stand17 	0	0	0	0	0	0	0	0	0	0	0	0.074626863	0	0	0	0	0	0	0	0	0	0	0	0.402777791	0	0	0	0	0	0	0	0	0	0	0	0	0	0	0	0	0	0	0.071428575	0	0	0	0	0	0	0	0	0	0	0	0	0	0	0	0	0	0.333333343	0.25	0	0	0	0	0	0	0.30864197	0	0.400000006	0.288888901	0.573333323	0.03846154	0	0.055555556	0	0.125	0.558490574	0.02631579	0.058139537	0	0	0	0	0	0.25	0	0.125	0	0	0.263157904	0	0	0.777777791	0	0.125	0	0.022222223	0	0	0	0
Stand18 	0	0	0	0	0	0	0	0	0	0	0	0.298507452	0	0	0	0	0	0	0	0	0	0	0.100000001	0.291666657	0	1	0	0	0	0	0	0	0	0	0	0	0	0	0	0	0	0	0.071428575	0	0	0	0	0	0	0	0	0	0	0	0	0.06666667	0	0	0	1	0.333333343	0	0	0	0	0	0	0	0.148148149	0	0.400000006	0.06666667	0.373333335	0	0	0	0.06666667	0.125	0.566037714	0	0.220930234	0	0	0	0.021739131	0.25	1	0	0	0.00625	0	0	0	0	0.916666687	0	0	0	0	0	0	0	0
Stand19 	0	0	0.5	0	0	0	0	0	0	0	0	0.119402982	0	0	0	0	0	0	0	0	0	0	0	0.583333313	0.25	0	0	0	0	0	0	0	0	0	0	0	0	0	0	0	0	0	0	0	0	0.567567587	0	0	0	0	0	0	0	0	0	0	0	0	0	0	0.90476191	0	0	0	0	0	0	0	0.814814806	0	0.400000006	0.377777785	0.426666677	0	0	0	0	0	0.452830195	0	0.197674423	1	1	0	0.008695653	0.25	0.125	0	0	0.375	0	0.03508772	0	0	0.152777776	0	0.125	0	0	0	0	0	0
Stand20 	0	0	0	0.018518519	0	0	0.166666672	0	0	0	0	0.059701491	0	0	0	0	0	0.25	0	0	0.5	0	0.100000001	0.430555552	0	0	0	0	0	0	0.023809524	0	0	0	0	0	0	0	0	0	0	1	0.071428575	0	0	0.054054055	0	0.100000001	0.25	0	0	0	0.017857144	0	0	0	0	0	0	0	0	0.25	0	0	0	0	0	0	0.567901254	0	0.400000006	0.011111111	0.159999996	0	0	0.777777791	0	0	0.784905672	0.02631579	0.430232555	0	0.090909094	0	0.086956523	0.25	0	0	0	0	0	0.00877193	0.5	0	0.319444448	0	0.125	0	0.055555556	1	0	0	0
Stand21 	0	0	0	0.111111112	1	0	0.166666672	0	0	0	0	0.149253726	0	0	0	0	0	0	0	0	0	0	0	0.027777778	0	0.050000001	0.400000006	0	0	0	0	0	0	0	0	0	0	0	0	0	0	0	0.071428575	0	0	0	0	0	0	0	0	0	0.017857144	0	0	0	0.400000006	0	0	0	0.023809524	0.25	0	0	0	0	0	0	0.222222224	0	0.400000006	0.400000006	0.626666665	0	0	0	0	0.050000001	0.909433961	0.02631579	0.186046511	0	0.045454547	0	0.021739131	0.75	0.0625	0	0	0	0	0.175438598	0.5	0	0.472222209	0	0	0	0.055555556	1	0	0	0
Stand22 	0	0	0	0	0	0	0	0	0	0	0	1	0	0	0	0	0	0	0	0	0	0	0	0	0	0.125	0	0	0	0	0	0	0	0	0	0	0	0	0	0	0	1	0.071428575	0	0	0	0	0.25	0	0	0	0	0	0	0	1	0	0	0	0	0	0	0	0	0	0	0	0	0	0	0.400000006	0	0.002666667	0	0	0	0.06666667	0	0.566037714	0.02631579	0.186046511	0	0	1	0.260869563	0.25	0.625	0	0	0	0	0	0	0	0.805555582	0	0	0	0.055555556	0	0	0	0
Stand23 	0	0	0	0	0	1	0	1	1	0	1	0.007462686	0	0	1	0	0	0	0	1	0.5	0	0	0	0	0	0	0	0.5	1	1	0	0.400000006	0.5	0	0.5	0	0.666666687	0	0	0	0	0.071428575	0	0.028571429	0	0.200000003	0.25	1	1	1	0	0	0	0	0	0	0	0	0	0	0.25	0	1	1	0	0	0	0	0.181818187	0	0	0	0	0	0	0	0	0.483018875	0.578947365	0.279069781	0	0	0	0.130434781	0	0	0	0	0	0	0	0.5	0	0.041666668	0	0	0	1	0	0	1	0
Stand24 	0	0	0	0	0	0	0	0	0	0	0	0.970149279	0	0	0	0	0	0	0	0	0.200000003	0	0	0	0	0	0	0	0	0	0	0	0	0	1	0	0	0	0	0	0	1	0.571428597	0	0	0	0	0.25	0	0	0	0	0	0	0	0.666666687	0	0	0	0	0	0.100000001	0	0	0	0	0	0	0.002469136	0	0.400000006	0	0.006666667	0	0	0	0	0.050000001	0.739622653	0.02631579	0.174418598	0	0	0	0.130434781	0.25	0.25	0	0	0	0	0	0	0	0.833333313	0	0	0	0.055555556	0	0	0	0
Stand25 	0	0	0	0	0.033333335	0	0	0	0	0.0625	0	0.343283594	0	0	0	0	0	0.25	0	0	0	0	0	0	0	0	0	0	0	0	0	1	0	0	1	0	0	0	0	0	0.039999999	0	0.071428575	0	0	0.756756783	0	0	0	0	0	0	0.107142858	0.166666672	0	0	0	0	0	0	1	0.100000001	0.428571433	0	0	0	0	0	0.037037037	0	0	0	0.053333335	0.384615391	0.050000001	0	0.166666672	0	0.652830184	0.052631579	0.290697664	0	0	0	0	1	0.0625	0	0	0	0	0	0.200000003	0	0.222222224	0	0.125	0	0	1	0.400000006	0	0
Stand26 	0	0	0	0.111111112	0.033333335	0	0.166666672	0	0	0	0	0	0	0	0	0	0	0.25	0	0	0	0	0.100000001	0.041666668	0	0.050000001	0	0	0	0	0.00952381	0	0.100000001	0	0	0.5	0	0	0	0	0	0	0.071428575	1	0	0.005405406	0.050000001	0.25	0.25	0	0	0.5	0.017857144	0	0	0	1	0	0	0	0	0.25	0	0	0	0	0	0	0.765432119	0	1	0	0	0.03846154	0.200000003	0	0	0	0.437735856	0.052631579	0.372093022	0.06666667	0	0	0	0.050000001	0	0	0	0	0	0.157894731	0.5	0.25	0.319444448	0	0.125	0.5	0	0	0	0	0
Stand27 	0	0	0	0.037037037	0.033333335	0	0	0	0	0.0625	0	0.007462686	0	0	0	0	0	0.25	0	0	0	0	0.039999999	0.013888889	1	0	0	0	0	0	0	0	0.039999999	0	0.400000006	0	0	0.041666668	0	0	0	0	0.071428575	0	0	0	0.050000001	0.25	0	0	0	0	0.017857144	0	0	0	0	0	0	0	0	1	0	0	0	1	0	0	0.111111112	0.022727273	0.400000006	1	1	0.230769232	0	0	0	0	0.509433985	0.02631579	0.08139535	0	0.018181818	0	0.021739131	0.125	0	1	0	0	0	0.368421048	0.5	0.25	0.625	0	0.125	0	0.055555556	1	0	0	0
Stand28 	0	0	0.5	0.111111112	0.033333335	0	0.166666672	0	0	0	0	0.007462686	0	0	0	0	0	0	0	0	0	0	0.100000001	0.513888896	0	0	0	0	0	0	0	0	0	0	0	0	0	0	0	0	0	0	0	0	0	0	0	0	0	0	0	0	0.017857144	0	0	0	0	0.100000001	0	0	0	0.100000001	0	0	0	0	0	0	0.987654328	0	0.400000006	0	0.026666667	0	0.02	1	0	0	0.532075465	0	0.058139537	1	0	0	0	0	0	0	0	0.59375	0	0.070175439	0.5	0	0.277777791	0	0.125	0	0	0	1	0	0
Stand29 	0	0.400000006	0	0	0.013333334	0	0.666666687	0	0	0	0	0	0	0	0	0	0	0.25	0	0	0	0	0.400000006	0.083333336	0	0	0	0	0	0	0	0	0.100000001	0	1	0	0	0	0	0	0	0	0.071428575	0	0	0.945945919	0	0	0	0	0	0	0.017857144	0	0	0	0	0	1	1	0.023809524	0.25	1	0	0	0	0	0	0.567901254	0	0.400000006	0	0.006666667	1	0.600000024	0	0	0	0.596226394	0.010526316	0.127906978	0	0.181818187	0	0	0	0	0	0	0	0.045454547	0.00877193	0	0	0.222222224	0	0.125	0	0	0	0	0	1
Stand30 	0	0	0	0	0.033333335	0	0.166666672	0	1	0.0625	0	0.002985075	0	0	0	0	0	0.5	0	0.5	0	0	0	0.006944444	0	0.125	0	0	0.25	0	0	0	0.100000001	0	0	0	0	0.041666668	0	0	0	0	0.071428575	1	0	0	0.400000006	0.25	0.25	0	0	0.5	0	0	0	0	0	0	0	0	0	0.25	0	0	0	0	0	0	0.049382716	0	0	0	0	0.03846154	0.02	0	0	0	0.98867923	0.02631579	0.255813956	0	0	0	0.021739131	0.75	0	0	0	0	0	0.684210539	0.5	0	0.902777791	0	0.125	0	0.055555556	0	0	0.083333336	0
Stand31 	0	0	0	0.148148149	0.866666675	0	0.166666672	0	0	0	0	0.007462686	0	0	0	0	0	0.25	0	0	0	0	0	0.597222209	0	0.5	0	0	0	0	0	0	0	0	0	0	0	0	0	0	0	0	0.071428575	0.400000006	0	0	0.050000001	0.25	0	0	0	0	0	0.166666672	0	0	1	0	0	0	0	0.25	0	0	0	0	0	0	0.469135791	0	1	0	0.002666667	0.15384616	0.699999988	0.444444448	0	0	0.464150935	0	0.069767445	0	0.272727281	0	0.043478262	0.125	0.0625	0.400000006	0	0.0625	0	0.666666687	0	0.25	0.513888896	0	0.125	0	0	0	0	0	0
Stand32 	0	0	0	0	0.200000003	0	0	0	0	0	0	0	0	0	0	0	0	0	0	0	0	0	0	0.055555556	0	0	0	0	0	0	0	0	0	0	0	0	0	0	0	0	0	0	0.071428575	0	0	0.081081077	0	0	0	0	0	0	0	0	0	0	0	0	0	0	0.00952381	0	0	0	0	0	0	0	1	0	0.400000006	0	0.002666667	0	0.200000003	0.055555556	0	0	0.98490566	0	0.255813956	0	0.181818187	0	0.008695653	0.050000001	0	0	0	0	0	0.263157904	0	0	0.833333313	0	0.125	0	0	0	0	0	0
Stand33 	0	0	0	0	0	1	0	0	1	0.0625	0	0.044776119	0	0	0	0	0	0.25	0	0.5	0.5	0	0	0	0	0.050000001	0	0.033333335	0.25	0	0.023809524	0	0.100000001	0	1	0	0	0.041666668	0	0	0	1	0.071428575	0	0.071428575	0.005405406	0.050000001	1	0.25	0	0	0	0	0.166666672	0	0	1	0	0	0	0	0.25	0	0	0	0	0	0	0	0.636363626	0.400000006	0	0.002666667	0	0.050000001	0	0.166666672	0	0.626415074	1	0.686046541	0	0	0	0.869565189	0.5	0	0	0	0	0	0	0.5	0.25	0.013888889	1	0	0	0.055555556	0	0	0.333333343	0
Stand34 	0	0	0	0	0	0	0	0	0	0	0	0.671641767	0	0	0	0	0	0	0	0	0	0	0	0	0	0	0	0	0	0	0	0	0	0	0	0	0	0	0	0	0.400000006	0	0.028571429	0	0	0	0	0	0	0	0	0	0.007142857	0	0	0	0	0	0	0	0.523809552	0	0	0	0	0	0	0	0.037037037	0	0.400000006	0	0.026666667	0	0	0	0	0	0.660377383	0.02631579	0.093023255	0	0.181818187	0	0	0	0.5	0	0	0	0.018181818	0.003508772	0	0	1	0	0	0	0	0	0	0	0
Stand35 	0	0	0	0	0	0	0	0	0	0.0625	0	0.149253726	0	0	0	0	0	0.25	0	0	0	0	0	0	0	0	0.400000006	0	0.25	1	0	0	0.100000001	0	0.400000006	0	0	0	0	0	0	1	0.071428575	0	0	0	0.050000001	0	0	0	0	0.5	0.214285716	0	0	0	1	0	0	0	0.047619049	0.25	0	0	0	1	0	0	0.049382716	0.022727273	0.400000006	0	0.006666667	0	0	0	0	0.125	0.558490574	0.02631579	0.511627913	0	0.018181818	0	0.021739131	0.125	0	0	0	0	0.045454547	0.00877193	0.200000003	0	0.763888896	0	0	0	0.055555556	1	0	0.083333336	0
Stand36 	0	0	0	0	0	1	0	0	1	1	1	0.007462686	0.400000006	0	0	0	0	0.5	0	0.5	1	0	0	0	0	0	1	0	0.25	0	0.285714298	0	1	1	0	0	0	1	0	0	0	0	0.071428575	0	0	0	0.050000001	0.25	0	1	0	0.200000003	0	0	1	0	0	0	0	0	0.023809524	0.25	0	1	1	0	0	0.400000006	0	1	0.400000006	0	0.002666667	0	0	0	0.06666667	0	0.377358496	0.473684222	0.034883723	0	0	0	0.043478262	0	0	0	0	0	0	0	0.5	0.25	0.006944444	1	0	0	0.222222224	0	0	0.083333336	0
Stand37 	0	0	0	0	0	1	0.166666672	0.200000003	0	0	0	0.044776119	0	0	0	0	0.5	0.25	0	0	0	0	0	0.152777776	0	0.125	0	0	0	0	0.00952381	0.050000001	0.100000001	0	0	0.200000003	1	0	0	0	0	0	0.071428575	0	0	1	0.050000001	0.25	0.25	0	0	0	0	0.166666672	0	0.166666672	0	0	0	0	0	0.25	0	0	0	0	0	0	0.160493821	0.022727273	1	0	0.039999999	0	0	0	0.06666667	0	0.445283026	0.02631579	0.290697664	0	0.090909094	0	0.086956523	0.75	0.0625	0	0	0	0	0.3859649	0	0.25	0.222222224	0	0.125	0.5	0.055555556	0	0	0	0
Stand38 	0	0	0	0.222222224	0.666666687	0	0.166666672	0.039999999	0	0	0	0.002985075	0	0	0	0	0	0.25	0	0	0	0	0	0.069444448	0	0	0	0	0	0	0	0	0	0	0	0	0	0	0	0	0.039999999	1	0.071428575	0	0	0	0.050000001	0.100000001	0	0	0	0.200000003	0.017857144	0	0	0	0	0	0	0	0	0.25	0	0	0	0	0	0	1	0.022727273	0.400000006	0	0.002666667	0.538461566	0.300000012	0.222222224	0	0	0.686792433	0.010526316	0.209302321	0.166666672	0.636363626	0	0.021739131	0.050000001	0	0	0	0	0	0.22807017	0	0.25	0.027777778	0	0.125	0	0	0	0	0	0
Stand39 	1	0	0	0	0.013333334	0.400000006	0.166666672	0	0	0	0	0	0	0	0	0	0	0.25	0	0.5	0	0	0	0.006944444	0	0	0	0.083333336	0	0	0.023809524	0	0.100000001	0	0	0	0	0.041666668	0	0	0.039999999	0.400000006	0.285714298	0.400000006	0	0.054054055	1	0.25	0.25	0	0	0	0	0	0	0	1	0	0	0	0	0.25	0	0	0	0	0	0	0.024691358	0.022727273	0.400000006	0	0.002666667	0	0	0.055555556	0	0	0.822641492	0.105263159	1	0	0.018181818	0	0.021739131	0	0	0	0	0	0	0.456140339	0.200000003	0.5	0.006944444	0.400000006	0.125	0	0.055555556	1	0	0.083333336	0
Stand40 	0	0	0	0.666666687	0.033333335	0	0.333333343	0	0	0	0	0.044776119	0	0	0	0	0	0.25	0	0	0.5	0	0	0.083333336	0	0	0	0	0	0	0	0	0	0	0	0	0	0	0	0	0	0	0	0	0	0	0.050000001	0	0	0	0	0	0	0	0	0	1	0	0	0	0.023809524	0.25	0	0	0	0	0	0	0.716049373	0	0.400000006	0.011111111	0.026666667	0	0	0.022222223	0	0	0.773584902	0.02631579	0.104651161	0	0.018181818	0	0.008695653	0.050000001	0	0	0	0.28125	0	0	0.200000003	0.25	0.083333336	0	0.5	0	0	0	0	0.083333336	0
Stand41 	1	0	0	0	0.013333334	1	0	0	0.400000006	0.25	0	0	0	0	0	0	0.200000003	0.25	0	0	0.5	0	0	0	0	0	0	1	1	0.400000006	0	0	0	0.5	0	0	0	0.583333313	0	0	0	0	0	0	0	0	0.300000012	0.25	0	0.400000006	0	1	0	0.166666672	0	0	0	0	0	0	0	0	0	0	1	0	0	0	0	0.863636374	0.400000006	0	0	0	0.050000001	0	0.06666667	0.125	0.558490574	0.315789461	0.034883723	0	0	0	0.021739131	0	0	0	0	0	0.018181818	0	0.5	0.100000001	0.002777778	0	0	0	0.055555556	0	0	0.083333336	0
Stand42 	0	1	0	0.111111112	0.933333337	0	0	0	0	0.025	0	0.002985075	0	0	0	0	0	0.100000001	0	0	0	0	0	0.152777776	0	0.125	0	0	0	0	0	0	0	0	0	0	0	0	0	0	0	0	0.071428575	0	0	0	0	0.25	0	0	0	0	0	0.666666687	0	0	0	0	0	0	0	0.25	0	0	0	0	0	0	0.00617284	0	0.400000006	0.06666667	0.06666667	0.692307711	1	0	0	0	0.584905684	0.02631579	0.40697673	0	0.018181818	0	0.021739131	0	0	0	0	0	0	0.964912295	0	0.25	0.152777776	0	0	0	0.055555556	0	0	0.083333336	0
Stand43 	1	0	0	0.111111112	0.200000003	1	0	0	0	0.0625	0	0.002985075	0	0	0	0.06666667	0.5	0.25	0	0	0.5	0	0	0	0.100000001	0.125	0	0.083333336	0.25	1	0.023809524	0	0.100000001	0.5	0	0.200000003	0	0.041666668	0	1	1	1	0	0	0	0	0.050000001	0.25	0.25	1	0	0	0	0.333333343	0	0	0	0	0	0	0	0.25	0	0.400000006	1	0	0	0.400000006	0	0.272727281	0	0	0	0.03846154	0.050000001	0	1	0	0.520754695	0.052631579	0.255813956	0	0.018181818	0	0.260869563	0	0.0625	1	0.050000001	0	0.090909094	0	0	0.25	0.002777778	0	0	0	0.055555556	0	0	0.083333336	0
Stand44 	0	0	0	0	0.033333335	0	0	0	0	0.0625	0	0.104477614	0	0	1	0.06666667	0	0	0	0	0.5	0	0	0	0	0.125	0.400000006	0	0	0.400000006	0.023809524	0	0.100000001	0	0	1	0	0	1	0	0.200000003	1	0.071428575	0	0	0.005405406	0.050000001	0.5	0	0	1	0	0	0	0	0.166666672	0	0	0	0	0.023809524	0.25	0	0	0	0	0	0	0.00617284	0.022727273	0.400000006	0	0	0	0.050000001	0	0	0.050000001	0.464150935	0.052631579	0.360465109	0	0.545454562	0	0.086956523	0.5	0.25	0	1	0	1	1	0	1	0.402777791	0	0.125	0	0	0	0	0.033333335	0
Stand45 	0	0	0	0	0	0	0	0	0	0.0625	0	0.074626863	0	0	0	0	0	0	0	0	0.200000003	0	0	0.002777778	0	0	0	0	0	1	0.00952381	0	0.039999999	0	0	0	0	0	0	0	0	0	0.428571433	0	0	0.108108111	0	0	0	0	0	0	0	0	0	0	0	0	0	0	0	0.5	0	0	0	0	0	0	0.00617284	0.022727273	0.400000006	0	0.002666667	0	0	0.055555556	0	0.125	0.705660403	0.052631579	0.186046511	0	0	0	0.260869563	0	0.375	0	0	0	0	0	0.5	0	0.986111104	0	0	0	0.111111112	0	0	0	0
Stand46 	0	0	0	0.018518519	0.033333335	0	0	0	0	0.0625	0	0.074626863	0	0	1	0	1	0.25	0	0	0.5	0	0	0.458333343	0	0.25	0	0	0	0	0	0	0.100000001	0	0	0	0	0	0	0	0.039999999	1	0.285714298	0	0	0	0	0.100000001	0	0	0	0.200000003	0.285714298	0	0	0	0	0	0	0	0.047619049	0	0	0	0	0	0	0	0.123456791	0	0.400000006	0	0.002666667	0	0.050000001	0.055555556	0.666666687	0	0.95471698	0.052631579	0.337209314	0	0.045454547	0	0.217391297	0.25	0.375	0	0	0	0.090909094	0.157894731	0.5	0.5	0.652777791	0	0	0	0	0	0	0.083333336	0
Stand47 	0	0	0	0.074074075	0.333333343	0	0	0	0	0.0625	0	0.134328365	0	0	0	0	0	1	0	0	0	0	0	0.055555556	0	0.050000001	0	0	0	0	0	0	0.100000001	0	0	0	0	0.041666668	0	0	0	1	0.285714298	0	0	0	0	0.25	0	0	0	0	0	0.166666672	0	0	0	0	0	0	0.00952381	0.25	0	0	0	0	1	0	0.037037037	0	0.400000006	0.06666667	0.733333349	0.769230783	0.050000001	0	0	0	0.603773594	0.02631579	0.302325577	0	0.045454547	0	0.008695653	0	0	0	0	0	0	0.122807018	0	0.5	0.347222209	0	0	0	0.111111112	0	0	0.083333336	0
